Automatically generated mesh
     216
Reciprocal lattice
    0.08333333333333    0.08333333333333    0.08333333333333             1
    0.25000000000000    0.08333333333333    0.08333333333333             1
    0.41666666666667    0.08333333333333    0.08333333333333             1
   -0.41666666666667    0.08333333333333    0.08333333333333             1
   -0.25000000000000    0.08333333333333    0.08333333333333             1
   -0.08333333333333    0.08333333333333    0.08333333333333             1
    0.08333333333333    0.25000000000000    0.08333333333333             1
    0.25000000000000    0.25000000000000    0.08333333333333             1
    0.41666666666667    0.25000000000000    0.08333333333333             1
   -0.41666666666667    0.25000000000000    0.08333333333333             1
   -0.25000000000000    0.25000000000000    0.08333333333333             1
   -0.08333333333333    0.25000000000000    0.08333333333333             1
    0.08333333333333    0.41666666666667    0.08333333333333             1
    0.25000000000000    0.41666666666667    0.08333333333333             1
    0.41666666666667    0.41666666666667    0.08333333333333             1
   -0.41666666666667    0.41666666666667    0.08333333333333             1
   -0.25000000000000    0.41666666666667    0.08333333333333             1
   -0.08333333333333    0.41666666666667    0.08333333333333             1
    0.08333333333333   -0.41666666666667    0.08333333333333             1
    0.25000000000000   -0.41666666666667    0.08333333333333             1
    0.41666666666667   -0.41666666666667    0.08333333333333             1
   -0.41666666666667   -0.41666666666667    0.08333333333333             1
   -0.25000000000000   -0.41666666666667    0.08333333333333             1
   -0.08333333333333   -0.41666666666667    0.08333333333333             1
    0.08333333333333   -0.25000000000000    0.08333333333333             1
    0.25000000000000   -0.25000000000000    0.08333333333333             1
    0.41666666666667   -0.25000000000000    0.08333333333333             1
   -0.41666666666667   -0.25000000000000    0.08333333333333             1
   -0.25000000000000   -0.25000000000000    0.08333333333333             1
   -0.08333333333333   -0.25000000000000    0.08333333333333             1
    0.08333333333333   -0.08333333333333    0.08333333333333             1
    0.25000000000000   -0.08333333333333    0.08333333333333             1
    0.41666666666667   -0.08333333333333    0.08333333333333             1
   -0.41666666666667   -0.08333333333333    0.08333333333333             1
   -0.25000000000000   -0.08333333333333    0.08333333333333             1
   -0.08333333333333   -0.08333333333333    0.08333333333333             1
    0.08333333333333    0.08333333333333    0.25000000000000             1
    0.25000000000000    0.08333333333333    0.25000000000000             1
    0.41666666666667    0.08333333333333    0.25000000000000             1
   -0.41666666666667    0.08333333333333    0.25000000000000             1
   -0.25000000000000    0.08333333333333    0.25000000000000             1
   -0.08333333333333    0.08333333333333    0.25000000000000             1
    0.08333333333333    0.25000000000000    0.25000000000000             1
    0.25000000000000    0.25000000000000    0.25000000000000             1
    0.41666666666667    0.25000000000000    0.25000000000000             1
   -0.41666666666667    0.25000000000000    0.25000000000000             1
   -0.25000000000000    0.25000000000000    0.25000000000000             1
   -0.08333333333333    0.25000000000000    0.25000000000000             1
    0.08333333333333    0.41666666666667    0.25000000000000             1
    0.25000000000000    0.41666666666667    0.25000000000000             1
    0.41666666666667    0.41666666666667    0.25000000000000             1
   -0.41666666666667    0.41666666666667    0.25000000000000             1
   -0.25000000000000    0.41666666666667    0.25000000000000             1
   -0.08333333333333    0.41666666666667    0.25000000000000             1
    0.08333333333333   -0.41666666666667    0.25000000000000             1
    0.25000000000000   -0.41666666666667    0.25000000000000             1
    0.41666666666667   -0.41666666666667    0.25000000000000             1
   -0.41666666666667   -0.41666666666667    0.25000000000000             1
   -0.25000000000000   -0.41666666666667    0.25000000000000             1
   -0.08333333333333   -0.41666666666667    0.25000000000000             1
    0.08333333333333   -0.25000000000000    0.25000000000000             1
    0.25000000000000   -0.25000000000000    0.25000000000000             1
    0.41666666666667   -0.25000000000000    0.25000000000000             1
   -0.41666666666667   -0.25000000000000    0.25000000000000             1
   -0.25000000000000   -0.25000000000000    0.25000000000000             1
   -0.08333333333333   -0.25000000000000    0.25000000000000             1
    0.08333333333333   -0.08333333333333    0.25000000000000             1
    0.25000000000000   -0.08333333333333    0.25000000000000             1
    0.41666666666667   -0.08333333333333    0.25000000000000             1
   -0.41666666666667   -0.08333333333333    0.25000000000000             1
   -0.25000000000000   -0.08333333333333    0.25000000000000             1
   -0.08333333333333   -0.08333333333333    0.25000000000000             1
    0.08333333333333    0.08333333333333    0.41666666666667             1
    0.25000000000000    0.08333333333333    0.41666666666667             1
    0.41666666666667    0.08333333333333    0.41666666666667             1
   -0.41666666666667    0.08333333333333    0.41666666666667             1
   -0.25000000000000    0.08333333333333    0.41666666666667             1
   -0.08333333333333    0.08333333333333    0.41666666666667             1
    0.08333333333333    0.25000000000000    0.41666666666667             1
    0.25000000000000    0.25000000000000    0.41666666666667             1
    0.41666666666667    0.25000000000000    0.41666666666667             1
   -0.41666666666667    0.25000000000000    0.41666666666667             1
   -0.25000000000000    0.25000000000000    0.41666666666667             1
   -0.08333333333333    0.25000000000000    0.41666666666667             1
    0.08333333333333    0.41666666666667    0.41666666666667             1
    0.25000000000000    0.41666666666667    0.41666666666667             1
    0.41666666666667    0.41666666666667    0.41666666666667             1
   -0.41666666666667    0.41666666666667    0.41666666666667             1
   -0.25000000000000    0.41666666666667    0.41666666666667             1
   -0.08333333333333    0.41666666666667    0.41666666666667             1
    0.08333333333333   -0.41666666666667    0.41666666666667             1
    0.25000000000000   -0.41666666666667    0.41666666666667             1
    0.41666666666667   -0.41666666666667    0.41666666666667             1
   -0.41666666666667   -0.41666666666667    0.41666666666667             1
   -0.25000000000000   -0.41666666666667    0.41666666666667             1
   -0.08333333333333   -0.41666666666667    0.41666666666667             1
    0.08333333333333   -0.25000000000000    0.41666666666667             1
    0.25000000000000   -0.25000000000000    0.41666666666667             1
    0.41666666666667   -0.25000000000000    0.41666666666667             1
   -0.41666666666667   -0.25000000000000    0.41666666666667             1
   -0.25000000000000   -0.25000000000000    0.41666666666667             1
   -0.08333333333333   -0.25000000000000    0.41666666666667             1
    0.08333333333333   -0.08333333333333    0.41666666666667             1
    0.25000000000000   -0.08333333333333    0.41666666666667             1
    0.41666666666667   -0.08333333333333    0.41666666666667             1
   -0.41666666666667   -0.08333333333333    0.41666666666667             1
   -0.25000000000000   -0.08333333333333    0.41666666666667             1
   -0.08333333333333   -0.08333333333333    0.41666666666667             1
    0.08333333333333    0.08333333333333   -0.41666666666667             1
    0.25000000000000    0.08333333333333   -0.41666666666667             1
    0.41666666666667    0.08333333333333   -0.41666666666667             1
   -0.41666666666667    0.08333333333333   -0.41666666666667             1
   -0.25000000000000    0.08333333333333   -0.41666666666667             1
   -0.08333333333333    0.08333333333333   -0.41666666666667             1
    0.08333333333333    0.25000000000000   -0.41666666666667             1
    0.25000000000000    0.25000000000000   -0.41666666666667             1
    0.41666666666667    0.25000000000000   -0.41666666666667             1
   -0.41666666666667    0.25000000000000   -0.41666666666667             1
   -0.25000000000000    0.25000000000000   -0.41666666666667             1
   -0.08333333333333    0.25000000000000   -0.41666666666667             1
    0.08333333333333    0.41666666666667   -0.41666666666667             1
    0.25000000000000    0.41666666666667   -0.41666666666667             1
    0.41666666666667    0.41666666666667   -0.41666666666667             1
   -0.41666666666667    0.41666666666667   -0.41666666666667             1
   -0.25000000000000    0.41666666666667   -0.41666666666667             1
   -0.08333333333333    0.41666666666667   -0.41666666666667             1
    0.08333333333333   -0.41666666666667   -0.41666666666667             1
    0.25000000000000   -0.41666666666667   -0.41666666666667             1
    0.41666666666667   -0.41666666666667   -0.41666666666667             1
   -0.41666666666667   -0.41666666666667   -0.41666666666667             1
   -0.25000000000000   -0.41666666666667   -0.41666666666667             1
   -0.08333333333333   -0.41666666666667   -0.41666666666667             1
    0.08333333333333   -0.25000000000000   -0.41666666666667             1
    0.25000000000000   -0.25000000000000   -0.41666666666667             1
    0.41666666666667   -0.25000000000000   -0.41666666666667             1
   -0.41666666666667   -0.25000000000000   -0.41666666666667             1
   -0.25000000000000   -0.25000000000000   -0.41666666666667             1
   -0.08333333333333   -0.25000000000000   -0.41666666666667             1
    0.08333333333333   -0.08333333333333   -0.41666666666667             1
    0.25000000000000   -0.08333333333333   -0.41666666666667             1
    0.41666666666667   -0.08333333333333   -0.41666666666667             1
   -0.41666666666667   -0.08333333333333   -0.41666666666667             1
   -0.25000000000000   -0.08333333333333   -0.41666666666667             1
   -0.08333333333333   -0.08333333333333   -0.41666666666667             1
    0.08333333333333    0.08333333333333   -0.25000000000000             1
    0.25000000000000    0.08333333333333   -0.25000000000000             1
    0.41666666666667    0.08333333333333   -0.25000000000000             1
   -0.41666666666667    0.08333333333333   -0.25000000000000             1
   -0.25000000000000    0.08333333333333   -0.25000000000000             1
   -0.08333333333333    0.08333333333333   -0.25000000000000             1
    0.08333333333333    0.25000000000000   -0.25000000000000             1
    0.25000000000000    0.25000000000000   -0.25000000000000             1
    0.41666666666667    0.25000000000000   -0.25000000000000             1
   -0.41666666666667    0.25000000000000   -0.25000000000000             1
   -0.25000000000000    0.25000000000000   -0.25000000000000             1
   -0.08333333333333    0.25000000000000   -0.25000000000000             1
    0.08333333333333    0.41666666666667   -0.25000000000000             1
    0.25000000000000    0.41666666666667   -0.25000000000000             1
    0.41666666666667    0.41666666666667   -0.25000000000000             1
   -0.41666666666667    0.41666666666667   -0.25000000000000             1
   -0.25000000000000    0.41666666666667   -0.25000000000000             1
   -0.08333333333333    0.41666666666667   -0.25000000000000             1
    0.08333333333333   -0.41666666666667   -0.25000000000000             1
    0.25000000000000   -0.41666666666667   -0.25000000000000             1
    0.41666666666667   -0.41666666666667   -0.25000000000000             1
   -0.41666666666667   -0.41666666666667   -0.25000000000000             1
   -0.25000000000000   -0.41666666666667   -0.25000000000000             1
   -0.08333333333333   -0.41666666666667   -0.25000000000000             1
    0.08333333333333   -0.25000000000000   -0.25000000000000             1
    0.25000000000000   -0.25000000000000   -0.25000000000000             1
    0.41666666666667   -0.25000000000000   -0.25000000000000             1
   -0.41666666666667   -0.25000000000000   -0.25000000000000             1
   -0.25000000000000   -0.25000000000000   -0.25000000000000             1
   -0.08333333333333   -0.25000000000000   -0.25000000000000             1
    0.08333333333333   -0.08333333333333   -0.25000000000000             1
    0.25000000000000   -0.08333333333333   -0.25000000000000             1
    0.41666666666667   -0.08333333333333   -0.25000000000000             1
   -0.41666666666667   -0.08333333333333   -0.25000000000000             1
   -0.25000000000000   -0.08333333333333   -0.25000000000000             1
   -0.08333333333333   -0.08333333333333   -0.25000000000000             1
    0.08333333333333    0.08333333333333   -0.08333333333333             1
    0.25000000000000    0.08333333333333   -0.08333333333333             1
    0.41666666666667    0.08333333333333   -0.08333333333333             1
   -0.41666666666667    0.08333333333333   -0.08333333333333             1
   -0.25000000000000    0.08333333333333   -0.08333333333333             1
   -0.08333333333333    0.08333333333333   -0.08333333333333             1
    0.08333333333333    0.25000000000000   -0.08333333333333             1
    0.25000000000000    0.25000000000000   -0.08333333333333             1
    0.41666666666667    0.25000000000000   -0.08333333333333             1
   -0.41666666666667    0.25000000000000   -0.08333333333333             1
   -0.25000000000000    0.25000000000000   -0.08333333333333             1
   -0.08333333333333    0.25000000000000   -0.08333333333333             1
    0.08333333333333    0.41666666666667   -0.08333333333333             1
    0.25000000000000    0.41666666666667   -0.08333333333333             1
    0.41666666666667    0.41666666666667   -0.08333333333333             1
   -0.41666666666667    0.41666666666667   -0.08333333333333             1
   -0.25000000000000    0.41666666666667   -0.08333333333333             1
   -0.08333333333333    0.41666666666667   -0.08333333333333             1
    0.08333333333333   -0.41666666666667   -0.08333333333333             1
    0.25000000000000   -0.41666666666667   -0.08333333333333             1
    0.41666666666667   -0.41666666666667   -0.08333333333333             1
   -0.41666666666667   -0.41666666666667   -0.08333333333333             1
   -0.25000000000000   -0.41666666666667   -0.08333333333333             1
   -0.08333333333333   -0.41666666666667   -0.08333333333333             1
    0.08333333333333   -0.25000000000000   -0.08333333333333             1
    0.25000000000000   -0.25000000000000   -0.08333333333333             1
    0.41666666666667   -0.25000000000000   -0.08333333333333             1
   -0.41666666666667   -0.25000000000000   -0.08333333333333             1
   -0.25000000000000   -0.25000000000000   -0.08333333333333             1
   -0.08333333333333   -0.25000000000000   -0.08333333333333             1
    0.08333333333333   -0.08333333333333   -0.08333333333333             1
    0.25000000000000   -0.08333333333333   -0.08333333333333             1
    0.41666666666667   -0.08333333333333   -0.08333333333333             1
   -0.41666666666667   -0.08333333333333   -0.08333333333333             1
   -0.25000000000000   -0.08333333333333   -0.08333333333333             1
   -0.08333333333333   -0.08333333333333   -0.08333333333333             1
Tetrahedra
      1296    0.00077160493827
         1         1         2         8        37
         1         1         7         8        37
         1         7         8        37        43
         1         2         8        37        38
         1         8        37        38        44
         1         8        37        43        44
         1         2         3         9        38
         1         2         8         9        38
         1         8         9        38        44
         1         3         9        38        39
         1         9        38        39        45
         1         9        38        44        45
         1         3         4        10        39
         1         3         9        10        39
         1         9        10        39        45
         1         4        10        39        40
         1        10        39        40        46
         1        10        39        45        46
         1         4         5        11        40
         1         4        10        11        40
         1        10        11        40        46
         1         5        11        40        41
         1        11        40        41        47
         1        11        40        46        47
         1         5         6        12        41
         1         5        11        12        41
         1        11        12        41        47
         1         6        12        41        42
         1        12        41        42        48
         1        12        41        47        48
         1         1         6         7        42
         1         6         7        12        42
         1         7        12        42        48
         1         1         7        37        42
         1         7        37        42        43
         1         7        42        43        48
         1         7         8        14        43
         1         7        13        14        43
         1        13        14        43        49
         1         8        14        43        44
         1        14        43        44        50
         1        14        43        49        50
         1         8         9        15        44
         1         8        14        15        44
         1        14        15        44        50
         1         9        15        44        45
         1        15        44        45        51
         1        15        44        50        51
         1         9        10        16        45
         1         9        15        16        45
         1        15        16        45        51
         1        10        16        45        46
         1        16        45        46        52
         1        16        45        51        52
         1        10        11        17        46
         1        10        16        17        46
         1        16        17        46        52
         1        11        17        46        47
         1        17        46        47        53
         1        17        46        52        53
         1        11        12        18        47
         1        11        17        18        47
         1        17        18        47        53
         1        12        18        47        48
         1        18        47        48        54
         1        18        47        53        54
         1         7        12        13        48
         1        12        13        18        48
         1        13        18        48        54
         1         7        13        43        48
         1        13        43        48        49
         1        13        48        49        54
         1        13        14        20        49
         1        13        19        20        49
         1        19        20        49        55
         1        14        20        49        50
         1        20        49        50        56
         1        20        49        55        56
         1        14        15        21        50
         1        14        20        21        50
         1        20        21        50        56
         1        15        21        50        51
         1        21        50        51        57
         1        21        50        56        57
         1        15        16        22        51
         1        15        21        22        51
         1        21        22        51        57
         1        16        22        51        52
         1        22        51        52        58
         1        22        51        57        58
         1        16        17        23        52
         1        16        22        23        52
         1        22        23        52        58
         1        17        23        52        53
         1        23        52        53        59
         1        23        52        58        59
         1        17        18        24        53
         1        17        23        24        53
         1        23        24        53        59
         1        18        24        53        54
         1        24        53        54        60
         1        24        53        59        60
         1        13        18        19        54
         1        18        19        24        54
         1        19        24        54        60
         1        13        19        49        54
         1        19        49        54        55
         1        19        54        55        60
         1        19        20        26        55
         1        19        25        26        55
         1        25        26        55        61
         1        20        26        55        56
         1        26        55        56        62
         1        26        55        61        62
         1        20        21        27        56
         1        20        26        27        56
         1        26        27        56        62
         1        21        27        56        57
         1        27        56        57        63
         1        27        56        62        63
         1        21        22        28        57
         1        21        27        28        57
         1        27        28        57        63
         1        22        28        57        58
         1        28        57        58        64
         1        28        57        63        64
         1        22        23        29        58
         1        22        28        29        58
         1        28        29        58        64
         1        23        29        58        59
         1        29        58        59        65
         1        29        58        64        65
         1        23        24        30        59
         1        23        29        30        59
         1        29        30        59        65
         1        24        30        59        60
         1        30        59        60        66
         1        30        59        65        66
         1        19        24        25        60
         1        24        25        30        60
         1        25        30        60        66
         1        19        25        55        60
         1        25        55        60        61
         1        25        60        61        66
         1        25        26        32        61
         1        25        31        32        61
         1        31        32        61        67
         1        26        32        61        62
         1        32        61        62        68
         1        32        61        67        68
         1        26        27        33        62
         1        26        32        33        62
         1        32        33        62        68
         1        27        33        62        63
         1        33        62        63        69
         1        33        62        68        69
         1        27        28        34        63
         1        27        33        34        63
         1        33        34        63        69
         1        28        34        63        64
         1        34        63        64        70
         1        34        63        69        70
         1        28        29        35        64
         1        28        34        35        64
         1        34        35        64        70
         1        29        35        64        65
         1        35        64        65        71
         1        35        64        70        71
         1        29        30        36        65
         1        29        35        36        65
         1        35        36        65        71
         1        30        36        65        66
         1        36        65        66        72
         1        36        65        71        72
         1        25        30        31        66
         1        30        31        36        66
         1        31        36        66        72
         1        25        31        61        66
         1        31        61        66        67
         1        31        66        67        72
         1         2        31        32        67
         1         1         2        31        67
         1         1         2        37        67
         1         2        32        67        68
         1         2        38        67        68
         1         2        37        38        67
         1         3        32        33        68
         1         2         3        32        68
         1         2         3        38        68
         1         3        33        68        69
         1         3        39        68        69
         1         3        38        39        68
         1         4        33        34        69
         1         3         4        33        69
         1         3         4        39        69
         1         4        34        69        70
         1         4        40        69        70
         1         4        39        40        69
         1         5        34        35        70
         1         4         5        34        70
         1         4         5        40        70
         1         5        35        70        71
         1         5        41        70        71
         1         5        40        41        70
         1         6        35        36        71
         1         5         6        35        71
         1         5         6        41        71
         1         6        36        71        72
         1         6        42        71        72
         1         6        41        42        71
         1         1        31        36        72
         1         1         6        36        72
         1         1         6        42        72
         1         1        31        67        72
         1         1        37        67        72
         1         1        37        42        72
         1        37        38        44        73
         1        37        43        44        73
         1        43        44        73        79
         1        38        44        73        74
         1        44        73        74        80
         1        44        73        79        80
         1        38        39        45        74
         1        38        44        45        74
         1        44        45        74        80
         1        39        45        74        75
         1        45        74        75        81
         1        45        74        80        81
         1        39        40        46        75
         1        39        45        46        75
         1        45        46        75        81
         1        40        46        75        76
         1        46        75        76        82
         1        46        75        81        82
         1        40        41        47        76
         1        40        46        47        76
         1        46        47        76        82
         1        41        47        76        77
         1        47        76        77        83
         1        47        76        82        83
         1        41        42        48        77
         1        41        47        48        77
         1        47        48        77        83
         1        42        48        77        78
         1        48        77        78        84
         1        48        77        83        84
         1        37        42        43        78
         1        42        43        48        78
         1        43        48        78        84
         1        37        43        73        78
         1        43        73        78        79
         1        43        78        79        84
         1        43        44        50        79
         1        43        49        50        79
         1        49        50        79        85
         1        44        50        79        80
         1        50        79        80        86
         1        50        79        85        86
         1        44        45        51        80
         1        44        50        51        80
         1        50        51        80        86
         1        45        51        80        81
         1        51        80        81        87
         1        51        80        86        87
         1        45        46        52        81
         1        45        51        52        81
         1        51        52        81        87
         1        46        52        81        82
         1        52        81        82        88
         1        52        81        87        88
         1        46        47        53        82
         1        46        52        53        82
         1        52        53        82        88
         1        47        53        82        83
         1        53        82        83        89
         1        53        82        88        89
         1        47        48        54        83
         1        47        53        54        83
         1        53        54        83        89
         1        48        54        83        84
         1        54        83        84        90
         1        54        83        89        90
         1        43        48        49        84
         1        48        49        54        84
         1        49        54        84        90
         1        43        49        79        84
         1        49        79        84        85
         1        49        84        85        90
         1        49        50        56        85
         1        49        55        56        85
         1        55        56        85        91
         1        50        56        85        86
         1        56        85        86        92
         1        56        85        91        92
         1        50        51        57        86
         1        50        56        57        86
         1        56        57        86        92
         1        51        57        86        87
         1        57        86        87        93
         1        57        86        92        93
         1        51        52        58        87
         1        51        57        58        87
         1        57        58        87        93
         1        52        58        87        88
         1        58        87        88        94
         1        58        87        93        94
         1        52        53        59        88
         1        52        58        59        88
         1        58        59        88        94
         1        53        59        88        89
         1        59        88        89        95
         1        59        88        94        95
         1        53        54        60        89
         1        53        59        60        89
         1        59        60        89        95
         1        54        60        89        90
         1        60        89        90        96
         1        60        89        95        96
         1        49        54        55        90
         1        54        55        60        90
         1        55        60        90        96
         1        49        55        85        90
         1        55        85        90        91
         1        55        90        91        96
         1        55        56        62        91
         1        55        61        62        91
         1        61        62        91        97
         1        56        62        91        92
         1        62        91        92        98
         1        62        91        97        98
         1        56        57        63        92
         1        56        62        63        92
         1        62        63        92        98
         1        57        63        92        93
         1        63        92        93        99
         1        63        92        98        99
         1        57        58        64        93
         1        57        63        64        93
         1        63        64        93        99
         1        58        64        93        94
         1        64        93        94       100
         1        64        93        99       100
         1        58        59        65        94
         1        58        64        65        94
         1        64        65        94       100
         1        59        65        94        95
         1        65        94        95       101
         1        65        94       100       101
         1        59        60        66        95
         1        59        65        66        95
         1        65        66        95       101
         1        60        66        95        96
         1        66        95        96       102
         1        66        95       101       102
         1        55        60        61        96
         1        60        61        66        96
         1        61        66        96       102
         1        55        61        91        96
         1        61        91        96        97
         1        61        96        97       102
         1        61        62        68        97
         1        61        67        68        97
         1        67        68        97       103
         1        62        68        97        98
         1        68        97        98       104
         1        68        97       103       104
         1        62        63        69        98
         1        62        68        69        98
         1        68        69        98       104
         1        63        69        98        99
         1        69        98        99       105
         1        69        98       104       105
         1        63        64        70        99
         1        63        69        70        99
         1        69        70        99       105
         1        64        70        99       100
         1        70        99       100       106
         1        70        99       105       106
         1        64        65        71       100
         1        64        70        71       100
         1        70        71       100       106
         1        65        71       100       101
         1        71       100       101       107
         1        71       100       106       107
         1        65        66        72       101
         1        65        71        72       101
         1        71        72       101       107
         1        66        72       101       102
         1        72       101       102       108
         1        72       101       107       108
         1        61        66        67       102
         1        66        67        72       102
         1        67        72       102       108
         1        61        67        97       102
         1        67        97       102       103
         1        67       102       103       108
         1        38        67        68       103
         1        37        38        67       103
         1        37        38        73       103
         1        38        68       103       104
         1        38        74       103       104
         1        38        73        74       103
         1        39        68        69       104
         1        38        39        68       104
         1        38        39        74       104
         1        39        69       104       105
         1        39        75       104       105
         1        39        74        75       104
         1        40        69        70       105
         1        39        40        69       105
         1        39        40        75       105
         1        40        70       105       106
         1        40        76       105       106
         1        40        75        76       105
         1        41        70        71       106
         1        40        41        70       106
         1        40        41        76       106
         1        41        71       106       107
         1        41        77       106       107
         1        41        76        77       106
         1        42        71        72       107
         1        41        42        71       107
         1        41        42        77       107
         1        42        72       107       108
         1        42        78       107       108
         1        42        77        78       107
         1        37        67        72       108
         1        37        42        72       108
         1        37        42        78       108
         1        37        67       103       108
         1        37        73       103       108
         1        37        73        78       108
         1        73        74        80       109
         1        73        79        80       109
         1        79        80       109       115
         1        74        80       109       110
         1        80       109       110       116
         1        80       109       115       116
         1        74        75        81       110
         1        74        80        81       110
         1        80        81       110       116
         1        75        81       110       111
         1        81       110       111       117
         1        81       110       116       117
         1        75        76        82       111
         1        75        81        82       111
         1        81        82       111       117
         1        76        82       111       112
         1        82       111       112       118
         1        82       111       117       118
         1        76        77        83       112
         1        76        82        83       112
         1        82        83       112       118
         1        77        83       112       113
         1        83       112       113       119
         1        83       112       118       119
         1        77        78        84       113
         1        77        83        84       113
         1        83        84       113       119
         1        78        84       113       114
         1        84       113       114       120
         1        84       113       119       120
         1        73        78        79       114
         1        78        79        84       114
         1        79        84       114       120
         1        73        79       109       114
         1        79       109       114       115
         1        79       114       115       120
         1        79        80        86       115
         1        79        85        86       115
         1        85        86       115       121
         1        80        86       115       116
         1        86       115       116       122
         1        86       115       121       122
         1        80        81        87       116
         1        80        86        87       116
         1        86        87       116       122
         1        81        87       116       117
         1        87       116       117       123
         1        87       116       122       123
         1        81        82        88       117
         1        81        87        88       117
         1        87        88       117       123
         1        82        88       117       118
         1        88       117       118       124
         1        88       117       123       124
         1        82        83        89       118
         1        82        88        89       118
         1        88        89       118       124
         1        83        89       118       119
         1        89       118       119       125
         1        89       118       124       125
         1        83        84        90       119
         1        83        89        90       119
         1        89        90       119       125
         1        84        90       119       120
         1        90       119       120       126
         1        90       119       125       126
         1        79        84        85       120
         1        84        85        90       120
         1        85        90       120       126
         1        79        85       115       120
         1        85       115       120       121
         1        85       120       121       126
         1        85        86        92       121
         1        85        91        92       121
         1        91        92       121       127
         1        86        92       121       122
         1        92       121       122       128
         1        92       121       127       128
         1        86        87        93       122
         1        86        92        93       122
         1        92        93       122       128
         1        87        93       122       123
         1        93       122       123       129
         1        93       122       128       129
         1        87        88        94       123
         1        87        93        94       123
         1        93        94       123       129
         1        88        94       123       124
         1        94       123       124       130
         1        94       123       129       130
         1        88        89        95       124
         1        88        94        95       124
         1        94        95       124       130
         1        89        95       124       125
         1        95       124       125       131
         1        95       124       130       131
         1        89        90        96       125
         1        89        95        96       125
         1        95        96       125       131
         1        90        96       125       126
         1        96       125       126       132
         1        96       125       131       132
         1        85        90        91       126
         1        90        91        96       126
         1        91        96       126       132
         1        85        91       121       126
         1        91       121       126       127
         1        91       126       127       132
         1        91        92        98       127
         1        91        97        98       127
         1        97        98       127       133
         1        92        98       127       128
         1        98       127       128       134
         1        98       127       133       134
         1        92        93        99       128
         1        92        98        99       128
         1        98        99       128       134
         1        93        99       128       129
         1        99       128       129       135
         1        99       128       134       135
         1        93        94       100       129
         1        93        99       100       129
         1        99       100       129       135
         1        94       100       129       130
         1       100       129       130       136
         1       100       129       135       136
         1        94        95       101       130
         1        94       100       101       130
         1       100       101       130       136
         1        95       101       130       131
         1       101       130       131       137
         1       101       130       136       137
         1        95        96       102       131
         1        95       101       102       131
         1       101       102       131       137
         1        96       102       131       132
         1       102       131       132       138
         1       102       131       137       138
         1        91        96        97       132
         1        96        97       102       132
         1        97       102       132       138
         1        91        97       127       132
         1        97       127       132       133
         1        97       132       133       138
         1        97        98       104       133
         1        97       103       104       133
         1       103       104       133       139
         1        98       104       133       134
         1       104       133       134       140
         1       104       133       139       140
         1        98        99       105       134
         1        98       104       105       134
         1       104       105       134       140
         1        99       105       134       135
         1       105       134       135       141
         1       105       134       140       141
         1        99       100       106       135
         1        99       105       106       135
         1       105       106       135       141
         1       100       106       135       136
         1       106       135       136       142
         1       106       135       141       142
         1       100       101       107       136
         1       100       106       107       136
         1       106       107       136       142
         1       101       107       136       137
         1       107       136       137       143
         1       107       136       142       143
         1       101       102       108       137
         1       101       107       108       137
         1       107       108       137       143
         1       102       108       137       138
         1       108       137       138       144
         1       108       137       143       144
         1        97       102       103       138
         1       102       103       108       138
         1       103       108       138       144
         1        97       103       133       138
         1       103       133       138       139
         1       103       138       139       144
         1        74       103       104       139
         1        73        74       103       139
         1        73        74       109       139
         1        74       104       139       140
         1        74       110       139       140
         1        74       109       110       139
         1        75       104       105       140
         1        74        75       104       140
         1        74        75       110       140
         1        75       105       140       141
         1        75       111       140       141
         1        75       110       111       140
         1        76       105       106       141
         1        75        76       105       141
         1        75        76       111       141
         1        76       106       141       142
         1        76       112       141       142
         1        76       111       112       141
         1        77       106       107       142
         1        76        77       106       142
         1        76        77       112       142
         1        77       107       142       143
         1        77       113       142       143
         1        77       112       113       142
         1        78       107       108       143
         1        77        78       107       143
         1        77        78       113       143
         1        78       108       143       144
         1        78       114       143       144
         1        78       113       114       143
         1        73       103       108       144
         1        73        78       108       144
         1        73        78       114       144
         1        73       103       139       144
         1        73       109       139       144
         1        73       109       114       144
         1       109       110       116       145
         1       109       115       116       145
         1       115       116       145       151
         1       110       116       145       146
         1       116       145       146       152
         1       116       145       151       152
         1       110       111       117       146
         1       110       116       117       146
         1       116       117       146       152
         1       111       117       146       147
         1       117       146       147       153
         1       117       146       152       153
         1       111       112       118       147
         1       111       117       118       147
         1       117       118       147       153
         1       112       118       147       148
         1       118       147       148       154
         1       118       147       153       154
         1       112       113       119       148
         1       112       118       119       148
         1       118       119       148       154
         1       113       119       148       149
         1       119       148       149       155
         1       119       148       154       155
         1       113       114       120       149
         1       113       119       120       149
         1       119       120       149       155
         1       114       120       149       150
         1       120       149       150       156
         1       120       149       155       156
         1       109       114       115       150
         1       114       115       120       150
         1       115       120       150       156
         1       109       115       145       150
         1       115       145       150       151
         1       115       150       151       156
         1       115       116       122       151
         1       115       121       122       151
         1       121       122       151       157
         1       116       122       151       152
         1       122       151       152       158
         1       122       151       157       158
         1       116       117       123       152
         1       116       122       123       152
         1       122       123       152       158
         1       117       123       152       153
         1       123       152       153       159
         1       123       152       158       159
         1       117       118       124       153
         1       117       123       124       153
         1       123       124       153       159
         1       118       124       153       154
         1       124       153       154       160
         1       124       153       159       160
         1       118       119       125       154
         1       118       124       125       154
         1       124       125       154       160
         1       119       125       154       155
         1       125       154       155       161
         1       125       154       160       161
         1       119       120       126       155
         1       119       125       126       155
         1       125       126       155       161
         1       120       126       155       156
         1       126       155       156       162
         1       126       155       161       162
         1       115       120       121       156
         1       120       121       126       156
         1       121       126       156       162
         1       115       121       151       156
         1       121       151       156       157
         1       121       156       157       162
         1       121       122       128       157
         1       121       127       128       157
         1       127       128       157       163
         1       122       128       157       158
         1       128       157       158       164
         1       128       157       163       164
         1       122       123       129       158
         1       122       128       129       158
         1       128       129       158       164
         1       123       129       158       159
         1       129       158       159       165
         1       129       158       164       165
         1       123       124       130       159
         1       123       129       130       159
         1       129       130       159       165
         1       124       130       159       160
         1       130       159       160       166
         1       130       159       165       166
         1       124       125       131       160
         1       124       130       131       160
         1       130       131       160       166
         1       125       131       160       161
         1       131       160       161       167
         1       131       160       166       167
         1       125       126       132       161
         1       125       131       132       161
         1       131       132       161       167
         1       126       132       161       162
         1       132       161       162       168
         1       132       161       167       168
         1       121       126       127       162
         1       126       127       132       162
         1       127       132       162       168
         1       121       127       157       162
         1       127       157       162       163
         1       127       162       163       168
         1       127       128       134       163
         1       127       133       134       163
         1       133       134       163       169
         1       128       134       163       164
         1       134       163       164       170
         1       134       163       169       170
         1       128       129       135       164
         1       128       134       135       164
         1       134       135       164       170
         1       129       135       164       165
         1       135       164       165       171
         1       135       164       170       171
         1       129       130       136       165
         1       129       135       136       165
         1       135       136       165       171
         1       130       136       165       166
         1       136       165       166       172
         1       136       165       171       172
         1       130       131       137       166
         1       130       136       137       166
         1       136       137       166       172
         1       131       137       166       167
         1       137       166       167       173
         1       137       166       172       173
         1       131       132       138       167
         1       131       137       138       167
         1       137       138       167       173
         1       132       138       167       168
         1       138       167       168       174
         1       138       167       173       174
         1       127       132       133       168
         1       132       133       138       168
         1       133       138       168       174
         1       127       133       163       168
         1       133       163       168       169
         1       133       168       169       174
         1       133       134       140       169
         1       133       139       140       169
         1       139       140       169       175
         1       134       140       169       170
         1       140       169       170       176
         1       140       169       175       176
         1       134       135       141       170
         1       134       140       141       170
         1       140       141       170       176
         1       135       141       170       171
         1       141       170       171       177
         1       141       170       176       177
         1       135       136       142       171
         1       135       141       142       171
         1       141       142       171       177
         1       136       142       171       172
         1       142       171       172       178
         1       142       171       177       178
         1       136       137       143       172
         1       136       142       143       172
         1       142       143       172       178
         1       137       143       172       173
         1       143       172       173       179
         1       143       172       178       179
         1       137       138       144       173
         1       137       143       144       173
         1       143       144       173       179
         1       138       144       173       174
         1       144       173       174       180
         1       144       173       179       180
         1       133       138       139       174
         1       138       139       144       174
         1       139       144       174       180
         1       133       139       169       174
         1       139       169       174       175
         1       139       174       175       180
         1       110       139       140       175
         1       109       110       139       175
         1       109       110       145       175
         1       110       140       175       176
         1       110       146       175       176
         1       110       145       146       175
         1       111       140       141       176
         1       110       111       140       176
         1       110       111       146       176
         1       111       141       176       177
         1       111       147       176       177
         1       111       146       147       176
         1       112       141       142       177
         1       111       112       141       177
         1       111       112       147       177
         1       112       142       177       178
         1       112       148       177       178
         1       112       147       148       177
         1       113       142       143       178
         1       112       113       142       178
         1       112       113       148       178
         1       113       143       178       179
         1       113       149       178       179
         1       113       148       149       178
         1       114       143       144       179
         1       113       114       143       179
         1       113       114       149       179
         1       114       144       179       180
         1       114       150       179       180
         1       114       149       150       179
         1       109       139       144       180
         1       109       114       144       180
         1       109       114       150       180
         1       109       139       175       180
         1       109       145       175       180
         1       109       145       150       180
         1       145       146       152       181
         1       145       151       152       181
         1       151       152       181       187
         1       146       152       181       182
         1       152       181       182       188
         1       152       181       187       188
         1       146       147       153       182
         1       146       152       153       182
         1       152       153       182       188
         1       147       153       182       183
         1       153       182       183       189
         1       153       182       188       189
         1       147       148       154       183
         1       147       153       154       183
         1       153       154       183       189
         1       148       154       183       184
         1       154       183       184       190
         1       154       183       189       190
         1       148       149       155       184
         1       148       154       155       184
         1       154       155       184       190
         1       149       155       184       185
         1       155       184       185       191
         1       155       184       190       191
         1       149       150       156       185
         1       149       155       156       185
         1       155       156       185       191
         1       150       156       185       186
         1       156       185       186       192
         1       156       185       191       192
         1       145       150       151       186
         1       150       151       156       186
         1       151       156       186       192
         1       145       151       181       186
         1       151       181       186       187
         1       151       186       187       192
         1       151       152       158       187
         1       151       157       158       187
         1       157       158       187       193
         1       152       158       187       188
         1       158       187       188       194
         1       158       187       193       194
         1       152       153       159       188
         1       152       158       159       188
         1       158       159       188       194
         1       153       159       188       189
         1       159       188       189       195
         1       159       188       194       195
         1       153       154       160       189
         1       153       159       160       189
         1       159       160       189       195
         1       154       160       189       190
         1       160       189       190       196
         1       160       189       195       196
         1       154       155       161       190
         1       154       160       161       190
         1       160       161       190       196
         1       155       161       190       191
         1       161       190       191       197
         1       161       190       196       197
         1       155       156       162       191
         1       155       161       162       191
         1       161       162       191       197
         1       156       162       191       192
         1       162       191       192       198
         1       162       191       197       198
         1       151       156       157       192
         1       156       157       162       192
         1       157       162       192       198
         1       151       157       187       192
         1       157       187       192       193
         1       157       192       193       198
         1       157       158       164       193
         1       157       163       164       193
         1       163       164       193       199
         1       158       164       193       194
         1       164       193       194       200
         1       164       193       199       200
         1       158       159       165       194
         1       158       164       165       194
         1       164       165       194       200
         1       159       165       194       195
         1       165       194       195       201
         1       165       194       200       201
         1       159       160       166       195
         1       159       165       166       195
         1       165       166       195       201
         1       160       166       195       196
         1       166       195       196       202
         1       166       195       201       202
         1       160       161       167       196
         1       160       166       167       196
         1       166       167       196       202
         1       161       167       196       197
         1       167       196       197       203
         1       167       196       202       203
         1       161       162       168       197
         1       161       167       168       197
         1       167       168       197       203
         1       162       168       197       198
         1       168       197       198       204
         1       168       197       203       204
         1       157       162       163       198
         1       162       163       168       198
         1       163       168       198       204
         1       157       163       193       198
         1       163       193       198       199
         1       163       198       199       204
         1       163       164       170       199
         1       163       169       170       199
         1       169       170       199       205
         1       164       170       199       200
         1       170       199       200       206
         1       170       199       205       206
         1       164       165       171       200
         1       164       170       171       200
         1       170       171       200       206
         1       165       171       200       201
         1       171       200       201       207
         1       171       200       206       207
         1       165       166       172       201
         1       165       171       172       201
         1       171       172       201       207
         1       166       172       201       202
         1       172       201       202       208
         1       172       201       207       208
         1       166       167       173       202
         1       166       172       173       202
         1       172       173       202       208
         1       167       173       202       203
         1       173       202       203       209
         1       173       202       208       209
         1       167       168       174       203
         1       167       173       174       203
         1       173       174       203       209
         1       168       174       203       204
         1       174       203       204       210
         1       174       203       209       210
         1       163       168       169       204
         1       168       169       174       204
         1       169       174       204       210
         1       163       169       199       204
         1       169       199       204       205
         1       169       204       205       210
         1       169       170       176       205
         1       169       175       176       205
         1       175       176       205       211
         1       170       176       205       206
         1       176       205       206       212
         1       176       205       211       212
         1       170       171       177       206
         1       170       176       177       206
         1       176       177       206       212
         1       171       177       206       207
         1       177       206       207       213
         1       177       206       212       213
         1       171       172       178       207
         1       171       177       178       207
         1       177       178       207       213
         1       172       178       207       208
         1       178       207       208       214
         1       178       207       213       214
         1       172       173       179       208
         1       172       178       179       208
         1       178       179       208       214
         1       173       179       208       209
         1       179       208       209       215
         1       179       208       214       215
         1       173       174       180       209
         1       173       179       180       209
         1       179       180       209       215
         1       174       180       209       210
         1       180       209       210       216
         1       180       209       215       216
         1       169       174       175       210
         1       174       175       180       210
         1       175       180       210       216
         1       169       175       205       210
         1       175       205       210       211
         1       175       210       211       216
         1       146       175       176       211
         1       145       146       175       211
         1       145       146       181       211
         1       146       176       211       212
         1       146       182       211       212
         1       146       181       182       211
         1       147       176       177       212
         1       146       147       176       212
         1       146       147       182       212
         1       147       177       212       213
         1       147       183       212       213
         1       147       182       183       212
         1       148       177       178       213
         1       147       148       177       213
         1       147       148       183       213
         1       148       178       213       214
         1       148       184       213       214
         1       148       183       184       213
         1       149       178       179       214
         1       148       149       178       214
         1       148       149       184       214
         1       149       179       214       215
         1       149       185       214       215
         1       149       184       185       214
         1       150       179       180       215
         1       149       150       179       215
         1       149       150       185       215
         1       150       180       215       216
         1       150       186       215       216
         1       150       185       186       215
         1       145       175       180       216
         1       145       150       180       216
         1       145       150       186       216
         1       145       175       211       216
         1       145       181       211       216
         1       145       181       186       216
         1         1       181       182       188
         1         1       181       187       188
         1         1         7       187       188
         1         1         2       182       188
         1         1         2         8       188
         1         1         7         8       188
         1         2       182       183       189
         1         2       182       188       189
         1         2         8       188       189
         1         2         3       183       189
         1         2         3         9       189
         1         2         8         9       189
         1         3       183       184       190
         1         3       183       189       190
         1         3         9       189       190
         1         3         4       184       190
         1         3         4        10       190
         1         3         9        10       190
         1         4       184       185       191
         1         4       184       190       191
         1         4        10       190       191
         1         4         5       185       191
         1         4         5        11       191
         1         4        10        11       191
         1         5       185       186       192
         1         5       185       191       192
         1         5        11       191       192
         1         5         6       186       192
         1         5         6        12       192
         1         5        11        12       192
         1         6       181       186       187
         1         6       186       187       192
         1         6        12       187       192
         1         1         6       181       187
         1         1         6         7       187
         1         6         7        12       187
         1         7       187       188       194
         1         7       187       193       194
         1         7        13       193       194
         1         7         8       188       194
         1         7         8        14       194
         1         7        13        14       194
         1         8       188       189       195
         1         8       188       194       195
         1         8        14       194       195
         1         8         9       189       195
         1         8         9        15       195
         1         8        14        15       195
         1         9       189       190       196
         1         9       189       195       196
         1         9        15       195       196
         1         9        10       190       196
         1         9        10        16       196
         1         9        15        16       196
         1        10       190       191       197
         1        10       190       196       197
         1        10        16       196       197
         1        10        11       191       197
         1        10        11        17       197
         1        10        16        17       197
         1        11       191       192       198
         1        11       191       197       198
         1        11        17       197       198
         1        11        12       192       198
         1        11        12        18       198
         1        11        17        18       198
         1        12       187       192       193
         1        12       192       193       198
         1        12        18       193       198
         1         7        12       187       193
         1         7        12        13       193
         1        12        13        18       193
         1        13       193       194       200
         1        13       193       199       200
         1        13        19       199       200
         1        13        14       194       200
         1        13        14        20       200
         1        13        19        20       200
         1        14       194       195       201
         1        14       194       200       201
         1        14        20       200       201
         1        14        15       195       201
         1        14        15        21       201
         1        14        20        21       201
         1        15       195       196       202
         1        15       195       201       202
         1        15        21       201       202
         1        15        16       196       202
         1        15        16        22       202
         1        15        21        22       202
         1        16       196       197       203
         1        16       196       202       203
         1        16        22       202       203
         1        16        17       197       203
         1        16        17        23       203
         1        16        22        23       203
         1        17       197       198       204
         1        17       197       203       204
         1        17        23       203       204
         1        17        18       198       204
         1        17        18        24       204
         1        17        23        24       204
         1        18       193       198       199
         1        18       198       199       204
         1        18        24       199       204
         1        13        18       193       199
         1        13        18        19       199
         1        18        19        24       199
         1        19       199       200       206
         1        19       199       205       206
         1        19        25       205       206
         1        19        20       200       206
         1        19        20        26       206
         1        19        25        26       206
         1        20       200       201       207
         1        20       200       206       207
         1        20        26       206       207
         1        20        21       201       207
         1        20        21        27       207
         1        20        26        27       207
         1        21       201       202       208
         1        21       201       207       208
         1        21        27       207       208
         1        21        22       202       208
         1        21        22        28       208
         1        21        27        28       208
         1        22       202       203       209
         1        22       202       208       209
         1        22        28       208       209
         1        22        23       203       209
         1        22        23        29       209
         1        22        28        29       209
         1        23       203       204       210
         1        23       203       209       210
         1        23        29       209       210
         1        23        24       204       210
         1        23        24        30       210
         1        23        29        30       210
         1        24       199       204       205
         1        24       204       205       210
         1        24        30       205       210
         1        19        24       199       205
         1        19        24        25       205
         1        24        25        30       205
         1        25       205       206       212
         1        25       205       211       212
         1        25        31       211       212
         1        25        26       206       212
         1        25        26        32       212
         1        25        31        32       212
         1        26       206       207       213
         1        26       206       212       213
         1        26        32       212       213
         1        26        27       207       213
         1        26        27        33       213
         1        26        32        33       213
         1        27       207       208       214
         1        27       207       213       214
         1        27        33       213       214
         1        27        28       208       214
         1        27        28        34       214
         1        27        33        34       214
         1        28       208       209       215
         1        28       208       214       215
         1        28        34       214       215
         1        28        29       209       215
         1        28        29        35       215
         1        28        34        35       215
         1        29       209       210       216
         1        29       209       215       216
         1        29        35       215       216
         1        29        30       210       216
         1        29        30        36       216
         1        29        35        36       216
         1        30       205       210       211
         1        30       210       211       216
         1        30        36       211       216
         1        25        30       205       211
         1        25        30        31       211
         1        30        31        36       211
         1        31       182       211       212
         1        31       181       182       211
         1         1        31       181       182
         1        31        32       182       212
         1         2        31        32       182
         1         1         2        31       182
         1        32       183       212       213
         1        32       182       183       212
         1         2        32       182       183
         1        32        33       183       213
         1         3        32        33       183
         1         2         3        32       183
         1        33       184       213       214
         1        33       183       184       213
         1         3        33       183       184
         1        33        34       184       214
         1         4        33        34       184
         1         3         4        33       184
         1        34       185       214       215
         1        34       184       185       214
         1         4        34       184       185
         1        34        35       185       215
         1         5        34        35       185
         1         4         5        34       185
         1        35       186       215       216
         1        35       185       186       215
         1         5        35       185       186
         1        35        36       186       216
         1         6        35        36       186
         1         5         6        35       186
         1        36       181       211       216
         1        36       181       186       216
         1         6        36       181       186
         1        31        36       181       211
         1         1        31        36       181
         1         1         6        36       181
